%YAML:1.0
M1: !!opencv-matrix
   rows: 3
   cols: 3
   dt: d
   data: [ 5.3471330014574585e+002, 0., 3.3513862534129083e+002, 0.,
       5.3471330014574585e+002, 2.4020611211620977e+002, 0., 0., 1. ]
D1: !!opencv-matrix
   rows: 1
   cols: 8
   dt: d
   data: [ -2.7456948645081791e-001, -1.8313659520295664e-002, 0., 0.,
       0., 0., 0., -2.4476896009779306e-001 ]
M2: !!opencv-matrix
   rows: 3
   cols: 3
   dt: d
   data: [ 5.3471330014574585e+002, 0., 3.3401539789486708e+002, 0.,
       5.3471330014574585e+002, 2.4159046721725986e+002, 0., 0., 1. ]
D2: !!opencv-matrix
   rows: 1
   cols: 8
   dt: d
   data: [ -2.8073637369061927e-001, 9.3010333969653317e-002, 0., 0., 0.,
       0., 0., 1.6329629645783817e-002 ]
